<?xml version="1.0"?>
<opencv_storage>
<Intrinsics type_id="opencv-matrix">
  <rows>3</rows>
  <cols>3</cols>
  <dt>f</dt>
  <data>
    2.17976242e+002 0. 1.81534561e+002 0. 1.89345764e+002
    1.16769577e+002 0. 0. 1.</data></Intrinsics>
</opencv_storage>
