<?xml version="1.0"?>
<opencv_storage>
<markpoint type_id="opencv-matrix">
  <rows>4</rows>
  <cols>8</cols>
  <dt>f</dt>
  <data>
    34. 20. 28. 14. 34. 22. 28. 14. 30. 24. 24. 18. 40. 14. 34. 8. 32. 24. 26.
    18. 34. 20. 30. 14. 36. 18. 30. 12. 37. 10. 31. 4.</data></markpoint>
</opencv_storage>
